0,28,0.11570247933884298
1,27,0.1115702479338843
2,21,0.08677685950413223
3,12,0.049586776859504134
4,24,0.09917355371900827
5,15,0.06198347107438017
6,12,0.049586776859504134
7,10,0.04132231404958678
8,10,0.04132231404958678
9,11,0.045454545454545456
10,10,0.04132231404958678
11,8,0.03305785123966942
12,4,0.01652892561983471
13,5,0.02066115702479339
14,7,0.028925619834710745
15,3,0.012396694214876033
16,2,0.008264462809917356
17,4,0.01652892561983471
18,6,0.024793388429752067
19,2,0.008264462809917356
20,4,0.01652892561983471
21,1,0.004132231404958678
22,1,0.004132231404958678
23,1,0.004132231404958678
25,1,0.004132231404958678
26,2,0.008264462809917356
27,1,0.004132231404958678
28,1,0.004132231404958678
29,1,0.004132231404958678
30,2,0.008264462809917356
32,1,0.004132231404958678
33,1,0.004132231404958678
34,1,0.004132231404958678
37,1,0.004132231404958678
38,1,0.004132231404958678
41,1,0.004132231404958678
